Table of 1 is:
[1, 2, 3, 4, 5, 6, 7, 8, 9, 10]
Table of 2 is:
[2, 4, 6, 8, 10, 12, 14, 16, 18, 20]
Table of 3 is:
[3, 6, 9, 12, 15, 18, 21, 24, 27, 30]
Table of 4 is:
[4, 8, 12, 16, 20, 24, 28, 32, 36, 40]
Table of 5 is:
[5, 10, 15, 20, 25, 30, 35, 40, 45, 50]
Table of 6 is:
[6, 12, 18, 24, 30, 36, 42, 48, 54, 60]
Table of 7 is:
[7, 14, 21, 28, 35, 42, 49, 56, 63, 70]
Table of 8 is:
[8, 16, 24, 32, 40, 48, 56, 64, 72, 80]
Table of 9 is:
[9, 18, 27, 36, 45, 54, 63, 72, 81, 90]
Table of 10 is:
[10, 20, 30, 40, 50, 60, 70, 80, 90, 100]
Table of 123456789 is:
[123456789, 246913578, 370370367, 493827156, 617283945, 740740734, 864197523, 987654312, 1111111101, 1234567890]
